in.	A	L	M	I	V	F	W	Y	S	H	T	C	N	Q	G	P	K	R	E	D	X
A	1	1	1	1	1	1	1	1	1	1	1	1
L	1	1	1	1	1	1	1	1	1	1	1	1
M	1	1	1	1	1	1	1	1	1	1	1	1
I	1	1	1	1	1	1	1	1	1	1	1	1
V	1	1	1	1	1	1	1	1	1	1	1	1
F	1	1	1	1	1	1	1	1	1	1	1	1
W	1	1	1	1	1	1	1	1	1	1	1	1
Y	1	1	1	1	1	1	1	1	1	1	1	1
S	1	1	1	1	1	1	1	1	1	1	1	1
H	1	1	1	1	1	1	1	1	1	1	1	1
T	1	1	1	1	1	1	1	1	1	1	1	1
C	1	1	1	1	1	1	1	1	1	1	1	1
N	1	1	1	1	1	1	1	1	1	1	1	1
Q	1	1	1	1	1	1	1	1	1	1	1	1
G	1	1	1	1	1	1	1	1	1	1	1	1
P	0.010104139685212	0.0883955832861033	0.0883955832861033	0.0883955832861033	0.0883955832861033	0.0631995183662584	0.0631995183662584	0.0631995183662584	0.0489119406291125	0.0489119406291125	0.0489119406291125	0.0489119406291125	0.0167264751163254	0.0167264751163254	0.631341299307236	1	0.0129864225500044	0.0129864225500044	0.0129864225500044	0.0129864225500044	0.517830855810019
K	0.0148074011045781	0.0550198703735525	0.0550198703735525	0.0550198703735525	0.0550198703735525	0.00827634184507353	0.00827634184507353	0.00827634184507353	0.101643287039344	0.101643287039344	0.101643287039344	0.101643287039344	0.00635777638390689	0.00635777638390689	0.0129864225500044	0.0129864225500044	1	0.551804987144326	0.551804987144326	0.551804987144326	0.500095011526746
R	0.0148074011045781	0.0550198703735525	0.0550198703735525	0.0550198703735525	0.0550198703735525	0.00827634184507353	0.00827634184507353	0.00827634184507353	0.101643287039344	0.101643287039344	0.101643287039344	0.101643287039344	0.00635777638390689	0.00635777638390689	0.0129864225500044	0.0129864225500044	0.551804987144326	1	0.551804987144326	0.551804987144326	0.500095011526746
E	0.0148074011045781	0.0550198703735525	0.0550198703735525	0.0550198703735525	0.0550198703735525	0.00827634184507353	0.00827634184507353	0.00827634184507353	0.101643287039344	0.101643287039344	0.101643287039344	0.101643287039344	0.00635777638390689	0.00635777638390689	0.0129864225500044	0.0129864225500044	0.551804987144326	0.551804987144326	1	0.551804987144326	0.500095011526746
D	0.0148074011045781	0.0550198703735525	0.0550198703735525	0.0550198703735525	0.0550198703735525	0.00827634184507353	0.00827634184507353	0.00827634184507353	0.101643287039344	0.101643287039344	0.101643287039344	0.101643287039344	0.00635777638390689	0.00635777638390689	0.0129864225500044	0.0129864225500044	0.551804987144326	0.551804987144326	0.551804987144326	1	0.500095011526746
X	0.473149783345523	0.462977413822528	0.462977413822528	0.462977413822528	0.462977413822528	0.506168086709173	0.506168086709173	0.506168086709173	0.551186307395086	0.551186307395086	0.551186307395086	0.551186307395086	0.401904190984513	0.401904190984513	0.517830855810019	0.517830855810019	0.500095011526746	0.500095011526746	0.500095011526746	0.500095011526746	1
